Tid	Kanal A
(ms)	(V)

0.00000000	2.71868800
0.05000000	2.62487700
0.10000000	2.62487700
0.15000000	2.62487700
0.19999999	2.62487700
0.24999999	2.62487700
0.29999999	2.71868800
0.34999999	2.71868800
0.39999999	2.62487700
0.44999999	2.62487700
0.49999999	2.71868800
0.54999999	2.71868800
0.59999998	2.62487700
0.64999998	2.71868800
0.69999998	2.62487700
0.74999998	2.62487700
0.79999998	2.62487700
0.84999998	2.71868800
0.89999998	2.62487700
0.94999998	2.62487700
0.99999997	2.71868800
1.04999997	2.62487700
1.09999997	2.71868800
1.14999997	2.62487700
1.19999997	2.62487700
1.24999997	2.71868800
1.29999997	2.71868800
1.34999997	2.62487700
1.39999996	2.62487700
1.44999996	2.62487700
1.49999996	2.62487700
1.54999996	2.62487700
1.59999996	2.62487700
1.64999996	2.62487700
1.69999996	2.62487700
1.74999996	2.62487700
1.79999995	2.62487700
1.84999995	2.62487700
1.89999995	2.62487700
1.94999995	2.71868800
1.99999995	2.62487700
2.04999995	2.71868800
2.09999995	2.71868800
2.14999995	2.71868800
2.19999994	2.71868800
2.24999994	2.71868800
2.29999994	2.71868800
2.34999994	2.71868800
2.39999994	2.71868800
2.44999994	2.62487700
2.49999994	2.62487700
2.54999994	2.71868800
2.59999993	2.62487700
2.64999993	2.71868800
2.69999993	2.71868800
2.74999993	2.71868800
2.79999993	2.62487700
2.84999993	2.62487700
2.89999993	2.71868800
2.94999993	2.62487700
2.99999992	2.62487700
3.04999992	2.71868800
3.09999992	2.71868800
3.14999992	2.62487700
3.19999992	2.62487700
3.24999992	2.71868800
3.29999992	2.71868800
3.34999992	2.62487700
3.39999991	2.62487700
3.44999991	2.71868800
3.49999991	2.71868800
3.54999991	2.71868800
3.59999991	2.62487700
3.64999991	2.62487700
3.69999991	2.62487700
3.74999991	2.71868800
3.79999990	2.62487700
3.84999990	2.62487700
3.89999990	2.62487700
3.94999990	2.62487700
3.99999990	2.62487700
4.04999990	2.62487700
4.09999990	2.62487700
4.14999990	2.62487700
4.19999989	2.71868800
4.24999989	2.71868800
4.29999989	2.62487700
4.34999989	2.71868800
4.39999989	2.62487700
4.44999989	2.71868800
4.49999989	2.62487700
4.54999989	2.71868800
4.59999988	2.62487700
4.64999988	2.62487700
4.69999988	2.71868800
4.74999988	2.62487700
4.79999988	2.71868800
4.84999988	2.62487700
4.89999988	2.62487700
4.94999987	2.62487700
4.99999987	2.62487700
5.04999987	2.62487700
5.09999987	2.62487700
5.14999987	2.71868800
5.19999987	2.62487700
5.24999987	2.71868800
5.29999987	2.71868800
5.34999986	2.62487700
5.39999986	2.71868800
5.44999986	2.62487700
5.49999986	2.71868800
5.54999986	2.62487700
5.59999986	2.62487700
5.64999986	2.71868800
5.69999986	2.71868800
5.74999985	2.71868800
5.79999985	2.62487700
5.84999985	2.62487700
5.89999985	2.62487700
5.94999985	2.62487700
5.99999985	2.62487700
6.04999985	2.71868800
6.09999985	2.62487700
6.14999984	2.62487700
6.19999984	2.71868800
6.24999984	2.71868800
6.29999984	2.71868800
6.34999984	2.71868800
6.39999984	2.62487700
6.44999984	2.62487700
6.49999984	2.62487700
6.54999983	2.71868800
6.59999983	2.62487700
6.64999983	2.62487700
6.69999983	2.71868800
6.74999983	2.62487700
6.79999983	2.62487700
6.84999983	2.71868800
6.89999983	2.62487700
6.94999982	2.71868800
6.99999982	2.62487700
7.04999982	2.62487700
7.09999982	2.71868800
7.14999982	2.62487700
7.19999982	2.62487700
7.24999982	2.71868800
7.29999982	2.71868800
7.34999981	2.71868800
7.39999981	2.71868800
7.44999981	2.62487700
7.49999981	2.62487700
7.54999981	2.71868800
7.59999981	2.62487700
7.64999981	2.62487700
7.69999981	2.71868800
7.74999980	2.71868800
7.79999980	2.62487700
7.84999980	2.62487700
7.89999980	2.62487700
7.94999980	2.62487700
7.99999980	2.62487700
8.04999980	2.62487700
8.09999980	2.62487700
8.14999979	2.71868800
8.19999979	2.62487700
8.24999979	2.62487700
8.29999979	2.71868800
8.34999979	2.62487700
8.39999979	2.62487700
8.44999979	2.62487700
8.49999979	2.62487700
8.54999978	2.62487700
8.59999978	2.62487700
8.64999978	2.62487700
8.69999978	2.62487700
8.74999978	2.71868800
8.79999978	2.71868800
8.84999978	2.71868800
8.89999978	2.62487700
8.94999977	2.71868800
8.99999977	2.62487700
9.04999977	2.62487700
9.09999977	2.62487700
9.14999977	2.71868800
9.19999977	2.71868800
9.24999977	2.71868800
9.29999977	2.71868800
9.34999976	2.71868800
9.39999976	2.71868800
9.44999976	2.62487700
9.49999976	2.62487700
9.54999976	2.71868800
9.59999976	2.71868800
9.64999976	2.71868800
9.69999975	2.62487700
9.74999975	2.62487700
9.79999975	2.71868800
9.84999975	2.62487700
9.89999975	2.62487700
9.94999975	2.71868800
9.99999975	2.62487700
10.04999975	2.62487700
10.09999974	2.62487700
10.14999974	2.71868800
10.19999974	2.62487700
10.24999974	2.62487700
10.29999974	2.62487700
10.34999974	2.71868800
10.39999974	2.62487700
10.44999974	2.71868800
10.49999973	2.62487700
10.54999973	2.62487700
10.59999973	2.71868800
10.64999973	2.62487700
10.69999973	2.71868800
10.74999973	2.71868800
10.79999973	2.62487700
10.84999973	2.62487700
10.89999972	2.71868800
10.94999972	2.62487700
10.99999972	2.71868800
11.04999972	2.71868800
11.09999972	2.62487700
11.14999972	2.62487700
11.19999972	2.71868800
11.24999972	2.62487700
11.29999971	2.62487700
11.34999971	2.62487700
11.39999971	2.71868800
11.44999971	2.62487700
11.49999971	2.62487700
11.54999971	2.71868800
11.59999971	2.71868800
11.64999971	2.62487700
11.69999970	2.71868800
11.74999970	2.71868800
11.79999970	2.62487700
11.84999970	2.62487700
11.89999970	2.62487700
11.94999970	2.71868800
11.99999970	2.62487700
12.04999970	2.62487700
12.09999969	2.71868800
12.14999969	2.62487700
12.19999969	2.62487700
12.24999969	2.62487700
12.29999969	2.62487700
12.34999969	2.71868800
12.39999969	2.62487700
12.44999969	2.71868800
12.49999968	2.62487700
12.54999968	2.62487700
12.59999968	2.62487700
12.64999968	2.62487700
12.69999968	2.62487700
12.74999968	2.71868800
12.79999968	2.62487700
12.84999968	2.71868800
12.89999967	2.71868800
12.94999967	2.71868800
12.99999967	2.62487700
13.04999967	2.62487700
13.09999967	2.62487700
13.14999967	2.62487700
13.19999967	2.71868800
13.24999967	2.71868800
13.29999966	2.62487700
13.34999966	2.71868800
13.39999966	2.62487700
13.44999966	2.71868800
13.49999966	2.62487700
13.54999966	2.71868800
13.59999966	2.71868800
13.64999966	2.62487700
13.69999965	2.62487700
13.74999965	2.62487700
13.79999965	2.62487700
13.84999965	2.62487700
13.89999965	2.71868800
13.94999965	2.62487700
13.99999965	2.71868800
14.04999965	2.62487700
14.09999964	2.62487700
14.14999964	2.62487700
14.19999964	2.71868800
14.24999964	2.62487700
14.29999964	2.62487700
14.34999964	2.62487700
14.39999964	2.71868800
14.44999963	2.71868800
14.49999963	2.71868800
14.54999963	2.62487700
14.59999963	2.62487700
14.64999963	2.71868800
14.69999963	2.62487700
14.74999963	2.71868800
14.79999963	2.62487700
14.84999962	2.71868800
14.89999962	2.62487700
14.94999962	2.62487700
14.99999962	2.62487700
15.04999962	2.62487700
15.09999962	2.62487700
15.14999962	2.62487700
15.19999962	2.62487700
15.24999961	2.71868800
15.29999961	2.71868800
15.34999961	2.71868800
15.39999961	2.62487700
15.44999961	2.62487700
15.49999961	2.71868800
15.54999961	2.62487700
15.59999961	2.62487700
15.64999960	2.62487700
15.69999960	2.71868800
15.74999960	2.62487700
15.79999960	2.71868800
15.84999960	2.71868800
15.89999960	2.71868800
15.94999960	2.62487700
15.99999960	2.62487700
16.04999959	2.62487700
16.09999959	2.71868800
16.14999959	2.71868800
16.19999959	2.62487700
16.24999959	2.71868800
16.29999959	2.71868800
16.34999959	2.71868800
16.39999959	2.62487700
16.44999958	2.62487700
16.49999958	2.71868800
16.54999958	2.71868800
16.59999958	2.71868800
16.64999958	2.62487700
16.69999958	2.71868800
16.74999958	2.71868800
16.79999958	2.62487700
16.84999957	2.71868800
16.89999957	2.62487700
16.94999957	2.71868800
16.99999957	2.62487700
17.04999957	2.71868800
17.09999957	2.62487700
17.14999957	2.62487700
17.19999957	2.62487700
17.24999956	2.62487700
17.29999956	2.71868800
17.34999956	2.71868800
17.39999956	2.62487700
17.44999956	2.71868800
17.49999956	2.62487700
17.54999956	2.62487700
17.59999956	2.62487700
17.64999955	2.71868800
17.69999955	2.62487700
17.74999955	2.71868800
17.79999955	2.71868800
17.84999955	2.62487700
17.89999955	2.62487700
17.94999955	2.62487700
17.99999955	2.71868800
18.04999954	2.62487700
18.09999954	2.62487700
18.14999954	2.71868800
18.19999954	2.62487700
18.24999954	2.71868800
18.29999954	2.62487700
18.34999954	2.62487700
18.39999954	2.62487700
18.44999953	2.62487700
18.49999953	2.62487700
18.54999953	2.71868800
18.59999953	2.62487700
18.64999953	2.71868800
18.69999953	2.62487700
18.74999953	2.71868800
18.79999953	2.62487700
18.84999952	2.62487700
18.89999952	2.62487700
18.94999952	2.71868800
18.99999952	2.71868800
19.04999952	2.71868800
19.09999952	2.62487700
19.14999952	2.71868800
19.19999951	2.71868800
19.24999951	2.71868800
19.29999951	2.62487700
19.34999951	2.62487700
19.39999951	2.71868800
19.44999951	2.71868800
19.49999951	2.62487700
19.54999951	2.62487700
19.59999950	2.71868800
19.64999950	2.71868800
19.69999950	2.62487700
19.74999950	2.62487700
19.79999950	2.62487700
19.84999950	2.62487700
19.89999950	2.62487700
19.94999950	2.62487700
19.99999949	2.71868800
20.04999949	2.71868800
20.09999949	2.62487700
20.14999949	2.62487700
20.19999949	2.62487700
20.24999949	2.62487700
20.29999949	2.71868800
20.34999949	2.71868800
20.39999948	2.62487700
20.44999948	2.71868800
20.49999948	2.71868800
20.54999948	2.62487700
20.59999948	2.62487700
20.64999948	2.62487700
20.69999948	2.71868800
20.74999948	2.62487700
20.79999947	2.62487700
20.84999947	2.71868800
20.89999947	2.62487700
20.94999947	2.62487700
20.99999947	2.71868800
21.04999947	2.71868800
21.09999947	2.71868800
21.14999947	2.71868800
21.19999946	2.71868800
21.24999946	2.71868800
21.29999946	2.62487700
21.34999946	2.62487700
21.39999946	2.71868800
21.44999946	2.62487700
21.49999946	2.62487700
21.54999946	2.62487700
21.59999945	2.62487700
21.64999945	2.62487700
21.69999945	2.62487700
21.74999945	2.62487700
21.79999945	2.62487700
21.84999945	2.62487700
21.89999945	2.62487700
21.94999945	2.71868800
21.99999944	2.62487700
22.04999944	2.62487700
22.09999944	2.62487700
22.14999944	2.62487700
22.19999944	2.71868800
22.24999944	2.62487700
22.29999944	2.62487700
22.34999944	2.62487700
22.39999943	2.62487700
22.44999943	2.71868800
22.49999943	2.71868800
22.54999943	2.62487700
22.59999943	2.62487700
22.64999943	2.62487700
22.69999943	2.62487700
22.74999943	2.62487700
22.79999942	2.71868800
22.84999942	2.62487700
22.89999942	2.62487700
22.94999942	2.71868800
22.99999942	2.62487700
23.04999942	2.71868800
23.09999942	2.71868800
23.14999942	2.71868800
23.19999941	2.71868800
23.24999941	2.62487700
23.29999941	2.71868800
23.34999941	2.62487700
23.39999941	2.71868800
23.44999941	2.62487700
23.49999941	2.62487700
23.54999941	2.62487700
23.59999940	2.62487700
23.64999940	2.62487700
23.69999940	2.62487700
23.74999940	2.71868800
23.79999940	2.62487700
23.84999940	2.62487700
23.89999940	2.71868800
23.94999939	2.71868800
23.99999939	2.62487700
24.04999939	2.71868800
24.09999939	2.71868800
24.14999939	2.71868800
24.19999939	2.62487700
24.24999939	2.62487700
24.29999939	2.62487700
24.34999938	2.71868800
24.39999938	2.71868800
24.44999938	2.62487700
24.49999938	2.62487700
24.54999938	2.62487700
24.59999938	2.62487700
24.64999938	2.62487700
24.69999938	2.62487700
24.74999937	2.62487700
24.79999937	2.62487700
24.84999937	2.62487700
24.89999937	2.62487700
24.94999937	2.62487700
24.99999937	2.62487700
25.04999937	2.62487700
25.09999937	2.62487700
25.14999936	2.62487700
25.19999936	2.62487700
25.24999936	2.71868800
25.29999936	2.71868800
25.34999936	2.71868800
25.39999936	2.62487700
25.44999936	2.71868800
25.49999936	2.62487700
25.54999935	2.62487700
25.59999935	2.71868800
25.64999935	2.62487700
25.69999935	2.71868800
25.74999935	2.71868800
25.79999935	2.62487700
25.84999935	2.62487700
25.89999935	2.62487700
25.94999934	2.62487700
25.99999934	2.71868800
26.04999934	2.62487700
26.09999934	2.62487700
26.14999934	2.71868800
26.19999934	2.62487700
26.24999934	2.71868800
26.29999934	2.71868800
26.34999933	2.71868800
26.39999933	2.62487700
26.44999933	2.71868800
26.49999933	2.71868800
26.54999933	2.62487700
26.59999933	2.62487700
26.64999933	2.62487700
26.69999933	2.71868800
26.74999932	2.62487700
26.79999932	2.62487700
26.84999932	2.62487700
26.89999932	2.62487700
26.94999932	2.62487700
26.99999932	2.62487700
27.04999932	2.62487700
27.09999932	2.62487700
27.14999931	2.71868800
27.19999931	2.71868800
27.24999931	2.62487700
27.29999931	2.62487700
27.34999931	2.62487700
27.39999931	2.71868800
27.44999931	2.71868800
27.49999931	2.62487700
27.54999930	2.62487700
27.59999930	2.62487700
27.64999930	2.62487700
27.69999930	2.71868800
27.74999930	2.62487700
27.79999930	2.71868800
27.84999930	2.62487700
27.89999930	2.62487700
27.94999929	2.71868800
27.99999929	2.71868800
28.04999929	2.71868800
28.09999929	2.71868800
28.14999929	2.62487700
28.19999929	2.62487700
28.24999929	2.62487700
28.29999929	2.71868800
28.34999928	2.71868800
28.39999928	2.71868800
28.44999928	2.71868800
28.49999928	2.62487700
28.54999928	2.62487700
28.59999928	2.71868800
28.64999928	2.71868800
28.69999927	2.62487700
28.74999927	2.62487700
28.79999927	2.71868800
28.84999927	2.62487700
28.89999927	2.62487700
28.94999927	2.62487700
28.99999927	2.71868800
29.04999927	2.62487700
29.09999926	2.62487700
29.14999926	2.62487700
29.19999926	2.62487700
29.24999926	2.71868800
29.29999926	2.71868800
29.34999926	2.62487700
29.39999926	2.62487700
29.44999926	2.62487700
29.49999925	2.71868800
29.54999925	2.62487700
29.59999925	2.62487700
29.64999925	2.71868800
29.69999925	2.62487700
29.74999925	2.71868800
29.79999925	2.71868800
29.84999925	2.71868800
29.89999924	2.71868800
29.94999924	2.62487700
29.99999924	2.62487700
30.04999924	2.62487700
30.09999924	2.62487700
30.14999924	2.71868800
30.19999924	2.62487700
30.24999924	2.71868800
30.29999923	2.62487700
30.34999923	2.71868800
30.39999923	2.71868800
30.44999923	2.71868800
30.49999923	2.62487700
30.54999923	2.71868800
30.59999923	2.62487700
30.64999923	2.62487700
30.69999922	2.71868800
30.74999922	2.71868800
30.79999922	2.62487700
30.84999922	2.62487700
30.89999922	2.71868800
30.94999922	2.62487700
30.99999922	2.62487700
31.04999922	2.71868800
31.09999921	2.71868800
31.14999921	2.62487700
31.19999921	2.62487700
31.24999921	2.62487700
31.29999921	2.62487700
31.34999921	2.62487700
31.39999921	2.71868800
31.44999921	2.62487700
31.49999920	2.62487700
31.54999920	2.62487700
31.59999920	2.62487700
31.64999920	2.62487700
31.69999920	2.62487700
31.74999920	2.62487700
31.79999920	2.62487700
31.84999920	2.62487700
31.89999919	2.71868800
31.94999919	2.62487700
31.99999919	2.71868800
32.04999919	2.62487700
32.09999919	2.62487700
32.14999919	2.62487700
32.19999919	2.71868800
32.24999919	2.62487700
32.29999918	2.71868800
32.34999918	2.62487700
32.39999918	2.71868800
32.44999918	2.62487700
32.49999918	2.62487700
32.54999918	2.62487700
32.59999918	2.62487700
32.64999918	2.62487700
32.69999917	2.62487700
32.74999917	2.71868800
32.79999917	2.71868800
32.84999917	2.62487700
32.89999917	2.71868800
32.94999917	2.62487700
32.99999917	2.62487700
33.04999917	2.53106500
33.09999916	2.62487700
33.14999916	2.62487700
33.19999916	2.62487700
33.24999916	2.62487700
33.29999916	2.62487700
33.34999916	2.71868800
33.39999916	2.62487700
33.44999915	2.71868800
33.49999915	2.62487700
33.54999915	2.71868800
33.59999915	2.62487700
33.64999915	2.71868800
33.69999915	2.62487700
33.74999915	2.71868800
33.79999915	2.62487700
33.84999914	2.71868800
33.89999914	2.62487700
33.94999914	2.62487700
33.99999914	2.71868800
34.04999914	2.71868800
34.09999914	2.71868800
34.14999914	2.71868800
34.19999914	2.62487700
34.24999913	2.62487700
34.29999913	2.62487700
34.34999913	2.62487700
34.39999913	2.71868800
34.44999913	2.62487700
34.49999913	2.62487700
34.54999913	2.62487700
34.59999913	2.62487700
34.64999912	2.71868800
34.69999912	2.71868800
34.74999912	2.71868800
34.79999912	2.71868800
34.84999912	2.71868800
34.89999912	2.62487700
34.94999912	2.62487700
34.99999912	2.62487700
35.04999911	2.62487700
35.09999911	2.62487700
35.14999911	2.71868800
35.19999911	2.62487700
35.24999911	2.62487700
35.29999911	2.71868800
35.34999911	2.71868800
35.39999911	2.62487700
35.44999910	2.62487700
35.49999910	2.62487700
35.54999910	2.62487700
35.59999910	2.62487700
35.64999910	2.62487700
35.69999910	2.71868800
35.74999910	2.71868800
35.79999910	2.62487700
35.84999909	2.62487700
35.89999909	2.71868800
35.94999909	2.62487700
35.99999909	2.62487700
36.04999909	2.62487700
36.09999909	2.71868800
36.14999909	2.62487700
36.19999909	2.62487700
36.24999908	2.71868800
36.29999908	2.62487700
36.34999908	2.62487700
36.39999908	2.71868800
36.44999908	2.71868800
36.49999908	2.62487700
36.54999908	2.71868800
36.59999908	2.71868800
36.64999907	2.71868800
36.69999907	2.71868800
36.74999907	2.62487700
36.79999907	2.62487700
36.84999907	2.62487700
36.89999907	2.62487700
36.94999907	2.62487700
36.99999907	2.62487700
37.04999906	2.62487700
37.09999906	2.62487700
37.14999906	2.62487700
37.19999906	2.71868800
37.24999906	2.71868800
37.29999906	2.71868800
37.34999906	2.62487700
37.39999906	2.62487700
37.44999905	2.71868800
37.49999905	2.62487700
37.54999905	2.71868800
37.59999905	2.71868800
37.64999905	2.62487700
37.69999905	2.62487700
37.74999905	2.62487700
37.79999905	2.62487700
37.84999904	2.71868800
37.89999904	2.62487700
37.94999904	2.62487700
37.99999904	2.62487700
38.04999904	2.71868800
38.09999904	2.71868800
38.14999904	2.71868800
38.19999903	2.62487700
38.24999903	2.62487700
38.29999903	2.62487700
38.34999903	2.62487700
38.39999903	2.71868800
38.44999903	2.62487700
38.49999903	2.62487700
38.54999903	2.71868800
38.59999902	2.71868800
38.64999902	2.62487700
38.69999902	2.62487700
38.74999902	2.71868800
38.79999902	2.62487700
38.84999902	2.71868800
38.89999902	2.62487700
38.94999902	2.62487700
38.99999901	2.62487700
39.04999901	2.62487700
39.09999901	2.71868800
39.14999901	2.62487700
39.19999901	2.62487700
39.24999901	2.62487700
39.29999901	2.62487700
39.34999901	2.62487700
39.39999900	2.62487700
39.44999900	2.62487700
39.49999900	2.62487700
39.54999900	2.62487700
39.59999900	2.62487700
39.64999900	2.62487700
39.69999900	2.71868800
39.74999900	2.62487700
39.79999899	2.62487700
39.84999899	2.71868800
39.89999899	2.71868800
39.94999899	2.71868800
39.99999899	2.62487700
40.04999899	2.62487700
40.09999899	2.71868800
40.14999899	2.62487700
40.19999898	2.62487700
40.24999898	2.62487700
40.29999898	2.62487700
40.34999898	2.62487700
40.39999898	2.62487700
40.44999898	2.62487700
40.49999898	2.71868800
40.54999898	2.62487700
40.59999897	2.62487700
40.64999897	2.62487700
40.69999897	2.62487700
40.74999897	2.62487700
40.79999897	2.71868800
40.84999897	2.62487700
40.89999897	2.62487700
40.94999897	2.62487700
40.99999896	2.71868800
41.04999896	2.71868800
41.09999896	2.62487700
41.14999896	2.71868800
41.19999896	2.62487700
41.24999896	2.62487700
41.29999896	2.62487700
41.34999896	2.62487700
41.39999895	2.62487700
41.44999895	2.71868800
41.49999895	2.71868800
41.54999895	2.71868800
41.59999895	2.62487700
41.64999895	2.62487700
41.69999895	2.71868800
41.74999895	2.62487700
41.79999894	2.71868800
41.84999894	2.62487700
41.89999894	2.62487700
41.94999894	2.71868800
41.99999894	2.62487700
42.04999894	2.62487700
42.09999894	2.62487700
42.14999894	2.62487700
42.19999893	2.62487700
42.24999893	2.62487700
42.29999893	2.62487700
42.34999893	2.62487700
42.39999893	2.62487700
42.44999893	2.62487700
42.49999893	2.62487700
42.54999893	2.62487700
42.59999892	2.62487700
42.64999892	2.62487700
42.69999892	2.62487700
42.74999892	2.62487700
42.79999892	2.71868800
42.84999892	2.71868800
42.89999892	2.62487700
42.94999891	2.62487700
42.99999891	2.62487700
43.04999891	2.62487700
43.09999891	2.71868800
43.14999891	2.71868800
43.19999891	2.62487700
43.24999891	2.62487700
43.29999891	2.71868800
43.34999890	2.62487700
43.39999890	2.62487700
43.44999890	2.71868800
43.49999890	2.62487700
43.54999890	2.62487700
43.59999890	2.62487700
43.64999890	2.71868800
43.69999890	2.71868800
43.74999889	2.62487700
43.79999889	2.71868800
43.84999889	2.71868800
43.89999889	2.71868800
43.94999889	2.62487700
43.99999889	2.62487700
44.04999889	2.62487700
44.09999889	2.62487700
44.14999888	2.71868800
44.19999888	2.71868800
44.24999888	2.62487700
44.29999888	2.62487700
44.34999888	2.62487700
44.39999888	2.62487700
44.44999888	2.71868800
44.49999888	2.71868800
44.54999887	2.62487700
44.59999887	2.71868800
44.64999887	2.62487700
44.69999887	2.71868800
44.74999887	2.71868800
44.79999887	2.71868800
44.84999887	2.62487700
44.89999887	2.62487700
44.94999886	2.62487700
44.99999886	2.62487700
45.04999886	2.62487700
45.09999886	2.62487700
45.14999886	2.71868800
45.19999886	2.62487700
45.24999886	2.71868800
45.29999886	2.62487700
45.34999885	2.62487700
45.39999885	2.62487700
45.44999885	2.62487700
45.49999885	2.71868800
45.54999885	2.62487700
45.59999885	2.71868800
45.64999885	2.62487700
45.69999885	2.62487700
45.74999884	2.62487700
45.79999884	2.62487700
45.84999884	2.62487700
45.89999884	2.71868800
45.94999884	2.71868800
45.99999884	2.71868800
46.04999884	2.62487700
46.09999884	2.71868800
46.14999883	2.71868800
46.19999883	2.62487700
46.24999883	2.62487700
46.29999883	2.62487700
46.34999883	2.62487700
46.39999883	2.71868800
46.44999883	2.62487700
46.49999883	2.62487700
46.54999882	2.62487700
46.59999882	2.62487700
46.64999882	2.62487700
46.69999882	2.71868800
46.74999882	2.62487700
46.79999882	2.62487700
46.84999882	2.62487700
46.89999882	2.62487700
46.94999881	2.62487700
46.99999881	2.62487700
47.04999881	2.71868800
47.09999881	2.71868800
47.14999881	2.62487700
47.19999881	2.62487700
47.24999881	2.71868800
47.29999881	2.62487700
47.34999880	2.71868800
47.39999880	2.71868800
47.44999880	2.71868800
47.49999880	2.71868800
47.54999880	2.62487700
47.59999880	2.62487700
47.64999880	2.71868800
47.69999879	2.62487700
47.74999879	2.71868800
47.79999879	2.62487700
47.84999879	2.71868800
47.89999879	2.71868800
47.94999879	2.71868800
47.99999879	2.71868800
48.04999879	2.71868800
48.09999878	2.62487700
48.14999878	2.62487700
48.19999878	2.62487700
48.24999878	2.62487700
48.29999878	2.71868800
48.34999878	2.71868800
48.39999878	2.62487700
48.44999878	2.62487700
48.49999877	2.71868800
48.54999877	2.71868800
48.59999877	2.62487700
48.64999877	2.71868800
48.69999877	2.62487700
48.74999877	2.71868800
48.79999877	2.62487700
48.84999877	2.62487700
48.89999876	2.62487700
48.94999876	2.62487700
48.99999876	2.71868800
49.04999876	2.62487700
49.09999876	2.62487700
49.14999876	2.62487700
49.19999876	2.62487700
49.24999876	2.71868800
49.29999875	2.62487700
49.34999875	2.62487700
49.39999875	2.62487700
49.44999875	2.62487700
49.49999875	2.62487700
49.54999875	2.62487700
49.59999875	2.62487700
49.64999875	2.62487700
49.69999874	2.71868800
49.74999874	2.62487700
49.79999874	2.71868800
49.84999874	2.71868800
49.89999874	2.62487700
49.94999874	2.62487700
49.99999874	2.62487700
50.04999874	2.62487700
50.09999873	2.62487700
50.14999873	2.62487700
